0 0.313372 0.424472 0.171153 0.347947
0 0.535771 0.531615 0.124804 0.401094
0 0.518508 0.510366 0.112794 0.359731
0 0.580989 0.516972 0.0530243 0.364384
0 0.560418 0.549269 0.0761807 0.436664
0 0.55929 0.530157 0.105497 0.398591
0 0.501894 0.511501 0.0791863 0.322315
0 0.284744 0.405699 0.21023 0.311971
0 0.247705 0.455748 0.0974638 0.175527
0 0.590305 0.414199 0.0314127 0.157819
0 0.36224 0.432932 0.0910898 0.330938
0 0.424954 0.437357 0.200156 0.328187
0 0.251234 0.413622 0.174066 0.259839
0 0.391221 0.426793 0.135299 0.31605
0 0.454163 0.571594 0.0443666 0.127639
0 0.298786 0.379368 0.157485 0.259621
0 0.596541 0.411669 0.0547316 0.17064
0 0.9415 0.204171 0.117 0.361641
0 0.183516 0.367691 0.281093 0.256806
0 0.385558 0.548569 0.115313 0.184055
0 0.637399 0.686077 0.0901901 0.413756
0 0.300155 0.472439 0.155424 0.334064
